# Array shape: (8, 4, 3)
0.53    0.53    20.52  
-0.47   -0.47   20.52  
-0.47   -0.47   20.52  
-0.47   -0.47   20.53  
# New slice
0.53    0.53    20.53  
-0.47   -0.47   20.53  
-0.47   -0.47   20.53  
-0.47   -0.47   20.53  
# New slice
0.53    0.53    -1.49  
-0.48   -0.48   -1.49  
-0.48   -0.48   20.51  
-0.48   -0.48   20.51  
# New slice
0.52    0.52    -19.51 
-0.50   -0.50   -19.51 
-0.50   -0.50   -19.53 
-0.52   -0.52   -19.55 
# New slice
0.46    0.46    -19.57 
-0.56   -0.56   -19.57 
-0.56   -0.56   -19.59 
-0.58   -0.58   -19.61 
# New slice
0.40    0.40    -19.63 
-0.62   -0.62   -19.63 
-0.62   -0.62   -19.65 
-0.64   -0.64   -19.67 
# New slice
0.34    0.34    -19.69 
-0.68   -0.68   -19.69 
-0.68   -0.68   -19.71 
-0.70   -0.70   -19.73 
# New slice
0.28    0.28    -19.74 
-0.74   -0.74   -19.77 
-0.76   -0.76   -19.78 
-0.78   -0.78   -19.80 
# New slice
